1.098874420403769363e+03
8.275630143574643398e+02
6.486344558255287893e+02
5.333236643886274351e+02
4.528232448654688369e+02
3.934374011980326031e+02
3.478219744304776100e+02
3.116850218812407434e+02
2.823502518733656643e+02
2.580622523070599641e+02
2.376218502779095729e+02
2.201818508327850168e+02
2.051267747949834757e+02
1.919987516579085138e+02
1.804500293808737865e+02
1.702117811048382805e+02
1.610729469228590176e+02
1.528654537587811149e+02
1.454538262673576412e+02
1.387276719776682512e+02
