4.347340607144959534e+01
1.820908731806272840e+01
1.779988743566564224e+01
1.743979364830157053e+01
1.457829347255993468e+01
1.667357628699520333e+01
1.636925691302932506e+01
7.406295712820159416e+00
1.568501156128438545e+01
1.541957407480578546e+01
8.110287410176681533e+00
1.480491623575632332e+01
1.457935618322533600e+01
1.072154310901078311e+01
1.401932103893932080e+01
1.382358626831732984e+01
1.024116340612553877e+01
1.331112404676532357e+01
1.314230934222783276e+01
9.800063895015187043e+00
