2.476778646015008860e+02
2.461536940687330173e+02
2.446481678123789152e+02
2.431609458154470644e+02
2.416916962788742751e+02
2.402400953747412871e+02
2.388058270083281798e+02
2.373885825886427767e+02
2.359880608070719461e+02
2.346039674238221266e+02
2.332360150618314094e+02
2.318839230078500293e+02
2.305474170203995925e+02
2.292262291443357753e+02
2.279200975317504856e+02
2.266287662689624085e+02
2.253519852093559734e+02
2.240895098118387523e+02
2.228411009846989543e+02
2.216065249346531800e+02
