1.211936850818451239e+04
4.818985646892199838e+03
3.007405284402047528e+03
2.185732391384673519e+03
1.716701210986784645e+03
1.413402490174909190e+03
1.201183093275891224e+03
1.044372734331262791e+03
9.237768190308740941e+02
8.281487426362566566e+02
7.504619750110421137e+02
6.861004387234950173e+02
6.319065210572895239e+02
5.856472328709970725e+02
5.456988548318536232e+02
5.108524080726838861e+02
4.801891830135669466e+02
4.529985571316457253e+02
4.287222377431581322e+02
4.069155211435237902e+02
