1.265787386024405805e+03
9.188075520434855434e+02
7.033830756465989680e+02
5.697895334156071385e+02
4.788429934335920279e+02
4.129329953449237678e+02
3.629719279474603582e+02
3.237956940390336626e+02
2.922523549987018328e+02
2.663091737289633443e+02
2.445964248841907533e+02
2.261573398324318873e+02
2.103034387287502227e+02
1.965266973243558652e+02
1.844439799735153258e+02
1.737609197819381279e+02
1.642476492700280915e+02
1.557219953768008338e+02
1.480377450411447455e+02
1.410762129285893423e+02
